# Image list with two lines of data per image:
#   IMAGE_ID, QW, QX, QY, QZ, TX, TY, TZ, CAMERA_ID, NAME
#   POINTS2D[] as (X, Y, POINT3D_ID)
# Number of images: 100
1 1.000000 0.000000 0.000000 0.000000 0.000000 0.000000 0.000000 1 image_0000.jpg

2 0.998750 0.000000 0.049979 0.000000 5.074480 0.000000 0.509146 1 image_0001.jpg
330.0 255.0 1 340.0 276.0 2 350.0 296.9 3 360.0 317.5 4 370.0 337.9 5 380.0 357.9 6 390.0 377.3 7 400.0 246.2 8 410.0 264.4 9 420.0 281.7 10 430.0 298.3 11 440.0 313.8 12 450.0 328.4 13 460.0 341.9 14 470.0 354.1 15 480.0 365.2 16 490.0 375.0 17 500.0 383.5 18 510.0 240.6 19 320.0 246.3 20 
3 0.995004 0.000000 0.099833 0.000000 5.096020 0.000000 1.033014 1 image_0002.jpg
340.0 270.0 1 350.0 291.0 2 360.0 311.9 3 370.0 332.5 4 380.0 352.9 5 390.0 372.9 6 400.0 242.3 7 410.0 261.2 8 420.0 279.4 9 430.0 296.7 10 440.0 313.3 11 450.0 328.8 12 460.0 343.4 13 470.0 356.9 14 480.0 369.1 15 490.0 380.2 16 500.0 240.0 17 510.0 248.5 18 320.0 255.6 19 330.0 261.3 20 
4 0.988771 0.000000 0.149438 0.000000 5.062210 0.000000 1.565925 1 image_0003.jpg
350.0 285.0 1 360.0 306.0 2 370.0 326.9 3 380.0 347.5 4 390.0 367.9 5 400.0 387.9 6 410.0 257.3 7 420.0 276.2 8 430.0 294.4 9 440.0 311.7 10 450.0 328.3 11 460.0 343.8 12 470.0 358.4 13 480.0 371.9 14 490.0 384.1 15 500.0 245.2 16 510.0 255.0 17 320.0 263.5 18 330.0 270.6 19 340.0 276.3 20 
5 0.980067 0.000000 0.198669 0.000000 4.971278 0.000000 2.101823 1 image_0004.jpg
360.0 300.0 1 370.0 321.0 2 380.0 341.9 3 390.0 362.5 4 400.0 382.9 5 410.0 252.9 6 420.0 272.3 7 430.0 291.2 8 440.0 309.4 9 450.0 326.7 10 460.0 343.3 11 470.0 358.8 12 480.0 373.4 13 490.0 386.9 14 500.0 249.1 15 510.0 260.2 16 320.0 270.0 17 330.0 278.5 18 340.0 285.6 19 350.0 291.3 20 
6 0.968912 0.000000 0.247404 0.000000 4.822147 0.000000 2.634351 1 image_0005.jpg
370.0 315.0 1 380.0 336.0 2 390.0 356.9 3 400.0 377.5 4 410.0 247.9 5 420.0 267.9 6 430.0 287.3 7 440.0 306.2 8 450.0 324.4 9 460.0 341.7 10 470.0 358.3 11 480.0 373.8 12 490.0 388.4 13 500.0 251.9 14 510.0 264.1 15 320.0 275.2 16 330.0 285.0 17 340.0 293.5 18 350.0 300.6 19 360.0 306.3 20 
7 0.955337 0.000000 0.295520 0.000000 4.614485 0.000000 3.156939 1 image_0006.jpg

8 0.939373 0.000000 0.342898 0.000000 4.348737 0.000000 3.662890 1 image_0007.jpg

9 0.921061 0.000000 0.389418 0.000000 4.026155 0.000000 4.145483 1 image_0008.jpg

10 0.900447 0.000000 0.434966 0.000000 3.648808 0.000000 4.598075 1 image_0009.jpg

11 0.877583 0.000000 0.479426 0.000000 3.219581 0.000000 5.014200 1 image_0010.jpg

12 0.852525 0.000000 0.522687 0.000000 2.742158 0.000000 5.387682 1 image_0011.jpg

13 0.825336 0.000000 0.564642 0.000000 2.220994 0.000000 5.712733 1 image_0012.jpg

14 0.796084 0.000000 0.605186 0.000000 1.661267 0.000000 5.984056 1 image_0013.jpg

15 0.764842 0.000000 0.644218 0.000000 1.068828 0.000000 6.196937 1 image_0014.jpg

16 0.731689 0.000000 0.681639 0.000000 0.450120 0.000000 6.347337 1 image_0015.jpg

17 0.696707 0.000000 0.717356 0.000000 -0.187891 0.000000 6.431969 1 image_0016.jpg

18 0.659983 0.000000 0.751280 0.000000 -0.837819 0.000000 6.448360 1 image_0017.jpg

19 0.621610 0.000000 0.783327 0.000000 -1.491958 0.000000 6.394920 1 image_0018.jpg

20 0.581683 0.000000 0.813415 0.000000 -2.142385 0.000000 6.270971 1 image_0019.jpg

21 0.540302 0.000000 0.841471 0.000000 -2.781085 0.000000 6.076782 1 image_0020.jpg

22 0.497571 0.000000 0.867423 0.000000 -3.400062 0.000000 5.813582 1 image_0021.jpg
330.0 276.5 501 340.0 257.9 502 350.0 390.0 503 360.0 372.9 504 370.0 356.6 505 380.0 341.4 506 390.0 327.2 507 400.0 314.1 508 410.0 302.2 509 420.0 291.5 510 430.0 282.1 511 440.0 274.1 512 450.0 267.4 513 460.0 262.1 514 470.0 258.3 515 480.0 255.9 516 490.0 255.0 517 500.0 255.6 518 510.0 257.6 519 320.0 261.1 520 
23 0.453596 0.000000 0.891207 0.000000 -3.991459 0.000000 5.483558 1 image_0022.jpg
340.0 291.5 501 350.0 272.9 502 360.0 255.0 503 370.0 387.9 504 380.0 371.6 505 390.0 356.4 506 400.0 342.2 507 410.0 329.1 508 420.0 317.2 509 430.0 306.5 510 440.0 297.1 511 450.0 289.1 512 460.0 282.4 513 470.0 277.1 514 480.0 273.3 515 490.0 270.9 516 500.0 270.0 517 510.0 270.6 518 320.0 272.6 519 330.0 276.1 520 
24 0.408487 0.000000 0.912764 0.000000 -4.547686 0.000000 5.089832 1 image_0023.jpg
350.0 306.5 501 360.0 287.9 502 370.0 270.0 503 380.0 252.9 504 390.0 386.6 505 400.0 371.4 506 410.0 357.2 507 420.0 344.1 508 430.0 332.2 509 440.0 321.5 510 450.0 312.1 511 460.0 304.1 512 470.0 297.4 513 480.0 292.1 514 490.0 288.3 515 500.0 285.9 516 510.0 285.0 517 320.0 285.6 518 330.0 287.6 519 340.0 291.1 520 
25 0.362358 0.000000 0.932039 0.000000 -5.061529 0.000000 4.636432 1 image_0024.jpg
360.0 321.5 501 370.0 302.9 502 380.0 285.0 503 390.0 267.9 504 400.0 251.6 505 410.0 386.4 506 420.0 372.2 507 430.0 359.1 508 440.0 347.2 509 450.0 336.5 510 460.0 327.1 511 470.0 319.1 512 480.0 312.4 513 490.0 307.1 514 500.0 303.3 515 510.0 300.9 516 320.0 300.0 517 330.0 300.6 518 340.0 302.6 519 350.0 306.1 520 
26 0.315322 0.000000 0.948984 0.000000 -5.526264 0.000000 4.128242 1 image_0025.jpg
370.0 336.5 501 380.0 317.9 502 390.0 300.0 503 400.0 282.9 504 410.0 266.6 505 420.0 251.4 506 430.0 387.2 507 440.0 374.1 508 450.0 362.2 509 460.0 351.5 510 470.0 342.1 511 480.0 334.1 512 490.0 327.4 513 500.0 322.1 514 510.0 318.3 515 320.0 315.9 516 330.0 315.0 517 340.0 315.6 518 350.0 317.6 519 360.0 321.1 520 
27 0.267499 0.000000 0.963558 0.000000 -5.935769 0.000000 3.570937 1 image_0026.jpg

28 0.219007 0.000000 0.975723 0.000000 -6.284609 0.000000 2.970908 1 image_0027.jpg

29 0.169967 0.000000 0.985450 0.000000 -6.568137 0.000000 2.335169 1 image_0028.jpg

30 0.120503 0.000000 0.992713 0.000000 -6.782557 0.000000 1.671258 1 image_0029.jpg

31 0.070737 0.000000 0.997495 0.000000 -6.924987 0.000000 0.987133 1 image_0030.jpg

32 0.020795 0.000000 0.999772 0.000000 -6.993514 0.000000 0.291046 1 image_0031.jpg

33 0.029200 0.000000 -0.999573 0.000000 -6.987212 0.000000 -0.408570 1 image_0032.jpg

34 0.079121 0.000000 -0.996866 0.000000 -6.906167 0.000000 -1.103230 1 image_0033.jpg

35 0.128844 0.000000 -0.991665 0.000000 -6.751471 0.000000 -1.784528 1 image_0034.jpg

36 0.178246 0.000000 -0.983986 0.000000 -6.525204 0.000000 -2.444248 1 image_0035.jpg

37 0.227202 0.000000 -0.973848 0.000000 -6.230404 0.000000 -3.074498 1 image_0036.jpg

38 0.275590 0.000000 -0.961275 0.000000 -5.871015 0.000000 -3.667818 1 image_0037.jpg

39 0.323290 0.000000 -0.946300 0.000000 -5.451825 0.000000 -4.217291 1 image_0038.jpg

40 0.370181 0.000000 -0.928960 0.000000 -4.978384 0.000000 -4.716645 1 image_0039.jpg

41 0.416147 0.000000 -0.909297 0.000000 -4.456931 0.000000 -5.160330 1 image_0040.jpg

42 0.461073 0.000000 -0.887362 0.000000 -3.894275 0.000000 -5.543602 1 image_0041.jpg
330.0 337.2 1001 340.0 349.9 1002 350.0 361.4 1003 360.0 371.7 1004 370.0 380.6 1005 380.0 388.2 1006 390.0 244.5 1007 400.0 249.3 1008 410.0 252.6 1009 420.0 254.5 1010 430.0 255.0 1011 440.0 253.9 1012 450.0 251.4 1013 460.0 247.5 1014 470.0 242.1 1015 480.0 385.3 1016 490.0 377.2 1017 500.0 367.7 1018 510.0 356.9 1019 320.0 344.9 1020 
43 0.504846 0.000000 -0.863209 0.000000 -3.297698 0.000000 -5.862584 1 image_0042.jpg
340.0 352.2 1001 350.0 364.9 1002 360.0 376.4 1003 370.0 386.7 1004 380.0 245.6 1005 390.0 253.2 1006 400.0 259.5 1007 410.0 264.3 1008 420.0 267.6 1009 430.0 269.5 1010 440.0 270.0 1011 450.0 268.9 1012 460.0 266.4 1013 470.0 262.5 1014 480.0 257.1 1015 490.0 250.3 1016 500.0 242.2 1017 510.0 382.7 1018 320.0 371.9 1019 330.0 359.9 1020 
44 0.547358 0.000000 -0.836899 0.000000 -2.674851 0.000000 -6.114306 1 image_0043.jpg
350.0 367.2 1001 360.0 379.9 1002 370.0 241.4 1003 380.0 251.7 1004 390.0 260.6 1005 400.0 268.2 1006 410.0 274.5 1007 420.0 279.3 1008 430.0 282.6 1009 440.0 284.5 1010 450.0 285.0 1011 460.0 283.9 1012 470.0 281.4 1013 480.0 277.5 1014 490.0 272.1 1015 500.0 265.3 1016 510.0 257.2 1017 320.0 247.7 1018 330.0 386.9 1019 340.0 374.9 1020 
45 0.588501 0.000000 -0.808496 0.000000 -2.033619 0.000000 -6.296744 1 image_0044.jpg
360.0 382.2 1001 370.0 244.9 1002 380.0 256.4 1003 390.0 266.7 1004 400.0 275.6 1005 410.0 283.2 1006 420.0 289.5 1007 430.0 294.3 1008 440.0 297.6 1009 450.0 299.5 1010 460.0 300.0 1011 470.0 298.9 1012 480.0 296.4 1013 490.0 292.5 1014 500.0 287.1 1015 510.0 280.3 1016 320.0 272.2 1017 330.0 262.7 1018 340.0 251.9 1019 350.0 389.9 1020 
46 0.628174 0.000000 -0.778073 0.000000 -1.382008 0.000000 -6.408831 1 image_0045.jpg
370.0 247.2 1001 380.0 259.9 1002 390.0 271.4 1003 400.0 281.7 1004 410.0 290.6 1005 420.0 298.2 1006 430.0 304.5 1007 440.0 309.3 1008 450.0 312.6 1009 460.0 314.5 1010 470.0 315.0 1011 480.0 313.9 1012 490.0 311.4 1013 500.0 307.5 1014 510.0 302.1 1015 320.0 295.3 1016 330.0 287.2 1017 340.0 277.7 1018 350.0 266.9 1019 360.0 254.9 1020 
47 0.666276 0.000000 -0.745705 0.000000 -0.728029 0.000000 -6.450456 1 image_0046.jpg

48 0.702713 0.000000 -0.711473 0.000000 -0.079570 0.000000 -6.422454 1 image_0047.jpg

49 0.737394 0.000000 -0.675463 0.000000 0.555701 0.000000 -6.326568 1 image_0048.jpg

50 0.770231 0.000000 -0.637765 0.000000 1.170465 0.000000 -6.165410 1 image_0049.jpg

51 0.801144 0.000000 -0.598472 0.000000 1.757839 0.000000 -5.942400 1 image_0050.jpg

52 0.830054 0.000000 -0.557684 0.000000 2.311472 0.000000 -5.661697 1 image_0051.jpg

53 0.856889 0.000000 -0.515501 0.000000 2.825627 0.000000 -5.328116 1 image_0052.jpg

54 0.881582 0.000000 -0.472030 0.000000 3.295236 0.000000 -4.947048 1 image_0053.jpg

55 0.904072 0.000000 -0.427380 0.000000 3.715975 0.000000 -4.524350 1 image_0054.jpg

56 0.924302 0.000000 -0.381661 0.000000 4.084292 0.000000 -4.066256 1 image_0055.jpg

57 0.942222 0.000000 -0.334988 0.000000 4.397439 0.000000 -3.579267 1 image_0056.jpg

58 0.957787 0.000000 -0.287478 0.000000 4.653488 0.000000 -3.070046 1 image_0057.jpg

59 0.970958 0.000000 -0.239249 0.000000 4.851318 0.000000 -2.545321 1 image_0058.jpg

60 0.981702 0.000000 -0.190423 0.000000 4.990618 0.000000 -2.011772 1 image_0059.jpg

61 0.989992 0.000000 -0.141120 0.000000 5.071850 0.000000 -1.475940 1 image_0060.jpg

62 0.995808 0.000000 -0.091465 0.000000 5.096211 0.000000 -0.944136 1 image_0061.jpg
330.0 263.8 1501 340.0 259.5 1502 350.0 256.6 1503 360.0 255.2 1504 370.0 255.2 1505 380.0 256.7 1506 390.0 259.7 1507 400.0 264.1 1508 410.0 269.9 1509 420.0 277.1 1510 430.0 285.7 1511 440.0 295.7 1512 450.0 306.8 1513 460.0 319.2 1514 470.0 332.8 1515 480.0 347.4 1516 490.0 363.1 1517 500.0 379.7 1518 510.0 247.1 1519 320.0 265.4 1520 
63 0.999135 0.000000 -0.041581 0.000000 5.065584 0.000000 -0.422355 1 image_0062.jpg
340.0 278.8 1501 350.0 274.5 1502 360.0 271.6 1503 370.0 270.2 1504 380.0 270.2 1505 390.0 271.7 1506 400.0 274.7 1507 410.0 279.1 1508 420.0 284.9 1509 430.0 292.1 1510 440.0 300.7 1511 450.0 310.7 1512 460.0 321.8 1513 470.0 334.2 1514 480.0 347.8 1515 490.0 362.4 1516 500.0 378.1 1517 510.0 244.7 1518 320.0 262.1 1519 330.0 280.4 1520 
64 0.999965 0.000000 0.008407 0.000000 4.982481 0.000000 0.083788 1 image_0063.jpg
350.0 293.8 1501 360.0 289.5 1502 370.0 286.6 1503 380.0 285.2 1504 390.0 285.2 1505 400.0 286.7 1506 410.0 289.7 1507 420.0 294.1 1508 430.0 299.9 1509 440.0 307.1 1510 450.0 315.7 1511 460.0 325.7 1512 470.0 336.8 1513 480.0 349.2 1514 490.0 362.8 1515 500.0 377.4 1516 510.0 243.1 1517 320.0 259.7 1518 330.0 277.1 1519 340.0 295.4 1520 
65 0.998295 0.000000 0.058374 0.000000 4.849972 0.000000 0.569140 1 image_0064.jpg
360.0 308.8 1501 370.0 304.5 1502 380.0 301.6 1503 390.0 300.2 1504 400.0 300.2 1505 410.0 301.7 1506 420.0 304.7 1507 430.0 309.1 1508 440.0 314.9 1509 450.0 322.1 1510 460.0 330.7 1511 470.0 340.7 1512 480.0 351.8 1513 490.0 364.2 1514 500.0 377.8 1515 510.0 242.4 1516 320.0 258.1 1517 330.0 274.7 1518 340.0 292.1 1519 350.0 310.4 1520 
66 0.994130 0.000000 0.108195 0.000000 4.671614 0.000000 1.029050 1 image_0065.jpg
370.0 323.8 1501 380.0 319.5 1502 390.0 316.6 1503 400.0 315.2 1504 410.0 315.2 1505 420.0 316.7 1506 430.0 319.7 1507 440.0 324.1 1508 450.0 329.9 1509 460.0 337.1 1510 470.0 345.7 1511 480.0 355.7 1512 490.0 366.8 1513 500.0 379.2 1514 510.0 242.8 1515 320.0 257.4 1516 330.0 273.1 1517 340.0 289.7 1518 350.0 307.1 1519 360.0 325.4 1520 
67 0.987480 0.000000 0.157746 0.000000 4.451373 0.000000 1.459418 1 image_0066.jpg

68 0.978362 0.000000 0.206902 0.000000 4.193540 0.000000 1.856722 1 image_0067.jpg

69 0.966798 0.000000 0.255541 0.000000 3.902653 0.000000 2.218035 1 image_0068.jpg

70 0.952818 0.000000 0.303542 0.000000 3.583412 0.000000 2.541038 1 image_0069.jpg

71 0.936457 0.000000 0.350783 0.000000 3.240599 0.000000 2.824013 1 image_0070.jpg

72 0.917755 0.000000 0.397148 0.000000 2.879001 0.000000 3.065828 1 image_0071.jpg

73 0.896758 0.000000 0.442521 0.000000 2.503340 0.000000 3.265911 1 image_0072.jpg

74 0.873521 0.000000 0.486787 0.000000 2.118212 0.000000 3.424221 1 image_0073.jpg

75 0.848100 0.000000 0.529836 0.000000 1.728020 0.000000 3.541205 1 image_0074.jpg

76 0.820559 0.000000 0.571561 0.000000 1.336930 0.000000 3.617751 1 image_0075.jpg

77 0.790968 0.000000 0.611858 0.000000 0.948829 0.000000 3.655140 1 image_0076.jpg

78 0.759399 0.000000 0.650625 0.000000 0.567290 0.000000 3.654987 1 image_0077.jpg

79 0.725932 0.000000 0.687766 0.000000 0.195559 0.000000 3.619188 1 image_0078.jpg

80 0.690651 0.000000 0.723188 0.000000 -0.163475 0.000000 3.549862 1 image_0079.jpg

81 0.653644 0.000000 0.756802 0.000000 -0.507271 0.000000 3.449294 1 image_0080.jpg

82 0.615002 0.000000 0.788525 0.000000 -0.833641 0.000000 3.319883 1 image_0081.jpg
330.0 249.1 2001 340.0 244.2 2002 350.0 387.9 2003 360.0 380.2 2004 370.0 371.2 2005 380.0 360.9 2006 390.0 349.3 2007 400.0 336.5 2008 410.0 322.6 2009 420.0 307.7 2010 430.0 291.7 2011 440.0 274.8 2012 450.0 257.1 2013 460.0 388.6 2014 470.0 369.5 2015 480.0 349.8 2016 490.0 329.7 2017 500.0 309.2 2018 510.0 288.4 2019 320.0 267.5 2020 
83 0.574824 0.000000 0.818277 0.000000 -1.140728 0.000000 3.164096 1 image_0082.jpg
340.0 264.1 2001 350.0 259.2 2002 360.0 252.9 2003 370.0 245.2 2004 380.0 386.2 2005 390.0 375.9 2006 400.0 364.3 2007 410.0 351.5 2008 420.0 337.6 2009 430.0 322.7 2010 440.0 306.7 2011 450.0 289.8 2012 460.0 272.1 2013 470.0 253.6 2014 480.0 384.5 2015 490.0 364.8 2016 500.0 344.7 2017 510.0 324.2 2018 320.0 303.4 2019 330.0 282.5 2020 
84 0.533209 0.000000 0.845984 0.000000 -1.427009 0.000000 2.984413 1 image_0083.jpg
350.0 279.1 2001 360.0 274.2 2002 370.0 267.9 2003 380.0 260.2 2004 390.0 251.2 2005 400.0 240.9 2006 410.0 379.3 2007 420.0 366.5 2008 430.0 352.6 2009 440.0 337.7 2010 450.0 321.7 2011 460.0 304.8 2012 470.0 287.1 2013 480.0 268.6 2014 490.0 249.5 2015 500.0 379.8 2016 510.0 359.7 2017 320.0 339.2 2018 330.0 318.4 2019 340.0 297.5 2020 
85 0.490261 0.000000 0.871576 0.000000 -1.691246 0.000000 2.783298 1 image_0084.jpg
360.0 294.1 2001 370.0 289.2 2002 380.0 282.9 2003 390.0 275.2 2004 400.0 266.2 2005 410.0 255.9 2006 420.0 244.3 2007 430.0 381.5 2008 440.0 367.6 2009 450.0 352.7 2010 460.0 336.7 2011 470.0 319.8 2012 480.0 302.1 2013 490.0 283.6 2014 500.0 264.5 2015 510.0 244.8 2016 320.0 374.7 2017 330.0 354.2 2018 340.0 333.4 2019 350.0 312.5 2020 
86 0.446087 0.000000 0.894989 0.000000 -1.932471 0.000000 2.563161 1 image_0085.jpg
370.0 309.1 2001 380.0 304.2 2002 390.0 297.9 2003 400.0 290.2 2004 410.0 281.2 2005 420.0 270.9 2006 430.0 259.3 2007 440.0 246.5 2008 450.0 382.6 2009 460.0 367.7 2010 470.0 351.7 2011 480.0 334.8 2012 490.0 317.1 2013 500.0 298.6 2014 510.0 279.5 2015 320.0 259.8 2016 330.0 389.7 2017 340.0 369.2 2018 350.0 348.4 2019 360.0 327.5 2020 
87 0.400799 0.000000 0.916166 0.000000 -2.149961 0.000000 2.326325 1 image_0086.jpg

88 0.354509 0.000000 0.935052 0.000000 -2.343185 0.000000 2.075024 1 image_0087.jpg

89 0.307333 0.000000 0.951602 0.000000 -2.511790 0.000000 1.811369 1 image_0088.jpg

90 0.259388 0.000000 0.965773 0.000000 -2.655549 0.000000 1.537358 1 image_0089.jpg

91 0.210796 0.000000 0.977530 0.000000 -2.774337 0.000000 1.254876 1 image_0090.jpg

92 0.161676 0.000000 0.986844 0.000000 -2.868102 0.000000 0.965690 1 image_0091.jpg

93 0.112153 0.000000 0.993691 0.000000 -2.936831 0.000000 0.671483 1 image_0092.jpg

94 0.062348 0.000000 0.998054 0.000000 -2.980537 0.000000 0.373847 1 image_0093.jpg

95 0.012389 0.000000 0.999890 0.000000 -2.999233 0.000000 0.074328 1 image_0094.jpg

96 0.037602 0.000000 -0.999296 0.000000 -2.992927 0.000000 -0.225560 1 image_0095.jpg

97 0.087499 0.000000 -0.996165 0.000000 -2.961617 0.000000 -0.524319 1 image_0096.jpg

98 0.137177 0.000000 -0.990546 0.000000 -2.905290 0.000000 -0.820419 1 image_0097.jpg

99 0.186512 0.000000 -0.982452 0.000000 -2.823932 0.000000 -1.112299 1 image_0098.jpg

100 0.235382 0.000000 -0.971903 0.000000 -2.717540 0.000000 -1.398320 1 image_0099.jpg

